   357.198395    
   358.165833    
   361.854523    
   358.597198    
   355.524414    
   356.880585    
   362.559143    
   366.369690    
   371.608917    
   366.011871    
   361.641144    
   361.714355    
   357.987762    
   357.296387    
   359.803101    
   361.704407    
   357.345276    
   359.536865    
   354.760803    
   355.866821    
   646.239685    
   642.387146    
   641.527466    
   639.131287    
   635.981934    
   633.315979    
   636.744324    
   638.442261    
   638.808228    
   634.301697    
   633.018738    
   629.082092    
   631.078979    
   627.198730    
   624.381104    
   621.996094    
   618.544739    
   614.454834    
   615.571838    
   621.846863    
   549.502319    
   551.248291    
   552.166809    
   552.706238    
   553.634766    
   554.947449    
   554.331726    
   554.183960    
   554.871643    
   555.964600    
   555.796326    
   557.486755    
   556.075684    
   557.625854    
   559.216125    
   560.521973    
   561.348694    
   563.428345    
   562.234924    
   559.721741    
   627.420654    
   625.448059    
   626.560059    
   623.591675    
   620.172729    
   619.104980    
   623.854614    
   626.635803    
   629.200378    
   623.852234    
   621.028809    
   618.518860    
   618.136719    
   615.297180    
   614.570984    
   613.848999    
   609.566772    
   607.811096    
   606.372925    
   611.108154    
   671.069946    
   667.570312    
   666.963379    
   664.589966    
   661.520203    
   659.131226    
   662.596191    
   664.344849    
   664.933960    
   660.496155    
   659.092896    
   655.451965    
   657.115051    
   653.485229    
   650.996155    
   648.875305    
   645.447449    
   641.753296    
   642.544189    
   648.444641    
   344.954071    
   350.561829    
   354.372650    
   354.928802    
   356.631226    
   360.758453    
   360.754944    
   361.468872    
   364.958374    
   366.166138    
   364.512726    
   369.182404    
   364.170380    
   368.254944    
   373.176208    
   377.143311    
   378.005188    
   383.853333    
   379.530182    
   373.349823    
   613.612122    
   609.462402    
   608.419006    
   605.974670    
   602.713745    
   599.824768    
   603.280273    
   604.966553    
   605.188416    
   600.566040    
   599.344849    
   595.147949    
   597.403259    
   593.293701    
   590.209106    
   587.608582    
   584.088989    
   579.675232    
   581.021667    
   587.649109    
   355.099915    
   355.645538    
   359.128906    
   355.737122    
   352.439392    
   353.493561    
   359.339600    
   363.203339    
   368.319397    
   362.445587    
   358.087402    
   357.776611    
   354.343048    
   353.295837    
   355.464203    
   357.090759    
   352.507690    
   354.266266    
   349.701874    
   351.382782    
   458.292664    
   455.319702    
   456.271606    
   452.628571    
   448.351196    
   446.629700    
   452.383942    
   455.732819    
   458.523224    
   451.884979    
   448.625763    
   445.177338    
   445.151550    
   441.352295    
   440.053284    
   438.867371    
   433.605042    
   431.036407    
   429.631866    
   435.842957    
   427.189880    
   432.625153    
   436.475464    
   436.832001    
   438.293915    
   442.313354    
   442.623779    
   443.494537    
   447.090881    
   447.964661    
   446.157013    
   450.618500    
   445.630371    
   449.490906    
   454.309143    
   458.187805    
   458.753387    
   464.424469    
   460.042664    
   454.247650    
   648.416687    
   644.519104    
   643.556091    
   641.235535    
   638.151123    
   635.438171    
   638.726746    
   640.339722    
   640.568848    
   636.189697    
   635.016968    
   631.060364    
   633.163635    
   629.287170    
   626.393860    
   623.950745    
   620.607605    
   616.454895    
   617.697876    
   623.957458    
   387.956329    
   383.852875    
   383.748871    
   380.307617    
   376.030304    
   373.368011    
   378.583710    
   381.422150    
   383.158112    
   376.762238    
   374.193878    
   369.840454    
   371.130066    
   366.618164    
   364.112061    
   361.964355    
   356.959747    
   352.987854    
   352.942749    
   360.262390    
   382.014740    
   378.969177    
   380.072418    
   376.208984    
   371.705109    
   369.991882    
   376.113831    
   379.708191    
   382.803833    
   375.757507    
   372.241791    
   368.744598    
   368.532471    
   364.640198    
   363.462952    
   362.385437    
   356.840515    
   354.421112    
   352.708588    
   358.998169    
   1116.62952    
   1118.93359    
   1118.01709    
   1121.10059    
   1124.69348    
   1126.02100    
   1121.19189    
   1118.37610    
   1115.88220    
   1121.59778    
   1124.27905    
   1127.10022    
   1127.19653    
   1130.29309    
   1131.32825    
   1132.28015    
   1136.64038    
   1138.74634    
   1139.83081    
   1134.83630    
   596.902100    
   592.673096    
   591.640076    
   589.117004    
   585.759277    
   582.822205    
   586.399048    
   588.149475    
   588.425476    
   583.656189    
   582.370300    
   578.088562    
   580.359009    
   576.157654    
   573.030640    
   570.393555    
   566.760559    
   562.276855    
   563.604919    
   570.382812    
   365.128632    
   370.597778    
   374.540375    
   374.828583    
   376.242920    
   380.306274    
   380.723480    
   381.668213    
   385.387390    
   386.144745    
   384.249573    
   388.734802    
   383.660126    
   387.533112    
   392.424164    
   396.358307    
   396.873047    
   402.619476    
   398.145599    
   392.309845    
   473.430847    
   469.700500    
   469.931000    
   466.428131    
   462.171692    
   459.800720    
   465.174957    
   468.160950    
   470.211426    
   463.760468    
   460.986145    
   456.914124    
   457.801636    
   453.513458    
   451.374603    
   449.513611    
   444.437531    
   440.872406    
   440.436554    
   447.419312    
   362.687988    
   368.819855    
   371.961426    
   373.764923    
   376.853302    
   381.219177    
   379.218048    
   378.734375    
   381.031494    
   384.443451    
   383.978241    
   389.486969    
   384.865021    
   389.920990    
   394.957367    
   399.059570    
   401.568848    
   407.860382    
   404.271667    
   396.504333    
   1133.43481    
   1134.76404    
   1135.38184    
   1135.87463    
   1136.64490    
   1137.60608    
   1137.01074    
   1136.79272    
   1137.13586    
   1138.14966    
   1138.14136    
   1139.38696    
   1138.42407    
   1139.58533    
   1140.69922    
   1141.60193    
   1142.28894    
   1143.73181    
   1142.96362    
   1141.14404    
   630.166077    
   626.153748    
   625.166077    
   622.776794    
   619.601746    
   616.811462    
   620.196533    
   621.855103    
   622.098511    
   617.588257    
   616.378601    
   612.311523    
   614.472473    
   610.485779    
   607.512207    
   605.001892    
   601.560852    
   597.289246    
   598.568970    
   605.004822    
   402.491150    
   398.538452    
   398.820160    
   395.083405    
   390.532104    
   388.058472    
   393.818695    
   397.055847    
   399.331696    
   392.406372    
   389.402954    
   385.141907    
   385.980103    
   381.474762    
   379.312439    
   377.441956    
   372.036804    
   368.451324    
   367.814240    
   375.085114    
   435.992676    
   432.830963    
   433.708771    
   429.984497    
   425.599945    
   423.742340    
   429.602386    
   433.000946    
   435.782928    
   428.978027    
   425.693268    
   422.081085    
   422.160980    
   418.203613    
   416.777557    
   415.491669    
   410.114960    
   407.387634    
   406.038452    
   412.486786    
   761.096436    
   760.799194    
   758.984497    
   760.841553    
   762.690125    
   762.256592    
   759.052246    
   756.974609    
   754.230469    
   757.622681    
   759.908203    
   760.323975    
   761.941528    
   762.770386    
   761.890381    
   761.273560    
   763.922363    
   763.513977    
   765.641052    
   764.167786    
   649.541626    
   645.627441    
   644.654419    
   642.331055    
   639.240601    
   636.515320    
   639.805237    
   641.417542    
   641.638733    
   637.253174    
   636.083984    
   632.113342    
   634.230713    
   630.341736    
   627.433960    
   624.978821    
   621.632263    
   617.460754    
   618.717346    
   624.996216    
   355.366974    
   359.172699    
   363.738403    
   361.919006    
   360.891022    
   364.120941    
   367.779358    
   370.662140    
   375.978333    
   373.057739    
   369.324219    
   372.029663    
   366.769287    
   368.699066    
   373.087982    
   376.559113    
   374.333099    
   379.079773    
   373.601166    
   370.717499    
   368.167023    
   373.595703    
   377.517639    
   377.791626    
   379.181732    
   383.214844    
   383.650299    
   384.600403    
   388.305176    
   389.036713    
   387.142151    
   391.588806    
   386.543274    
   390.380219    
   395.235046    
   399.140686    
   399.631866    
   405.333099    
   400.880890    
   395.105286    
   679.207703    
   675.752808    
   675.147522    
   672.811584    
   669.783997    
   667.426147    
   670.838013    
   672.559692    
   673.130981    
   668.759949    
   667.382141    
   663.787659    
   665.434509    
   661.852661    
   659.391846    
   657.294556    
   653.917542    
   650.260864    
   651.058472    
   656.878723    
   375.238770    
   380.826660    
   385.175201    
   385.127594    
   386.268341    
   390.499542    
   391.463135    
   392.757904    
   397.015686    
   397.235596    
   394.915039    
   399.451660    
   393.992340    
   397.845215    
   403.035492    
   407.185638    
   407.340210    
   413.358185    
   408.418549    
   402.579102    
   610.267761    
   606.091064    
   605.040100    
   602.581726    
   599.300781    
   596.393738    
   599.868591    
   601.564026    
   601.786621    
   597.136597    
   595.908875    
   591.686768    
   593.956970    
   589.822510    
   586.718567    
   584.102173    
   580.563049    
   576.121948    
   577.477234    
   584.144348    
   580.634155    
   576.272156    
   575.151489    
   572.616699    
   569.213745    
   566.179504    
   569.755188    
   571.492859    
   571.694702    
   566.887207    
   565.637817    
   561.243103    
   563.633972    
   559.334900    
   556.086792    
   553.352356    
   549.702087    
   545.070862    
   546.510010    
   553.437134    
   714.539673    
   714.511108    
   716.512695    
   714.231812    
   711.931580    
   712.222229    
   716.078125    
   718.488037    
   721.517639    
   717.574219    
   714.844543    
   714.118774    
   712.408691    
   711.249084    
   712.060547    
   712.593201    
   709.371033    
   709.620544    
   707.203430    
   709.298218    
   399.389282    
   397.341705    
   399.226837    
   395.362854    
   391.031097    
   390.136169    
   396.417786    
   400.230896    
   404.069885    
   397.112274    
   393.198364    
   390.557373    
   389.326965    
   386.163391    
   385.982544    
   385.705261    
   380.217590    
   379.009155    
   376.318207    
   381.443115    
   361.967438    
   361.875702    
   365.031097    
   361.454163    
   357.834869    
   358.426788    
   364.494537    
   368.419434    
   373.331055    
   367.067291    
   362.729340    
   361.854126    
   358.879730    
   357.303009    
   358.945984    
   360.146790    
   355.249756    
   356.335022    
   352.125885    
   354.667419    
   710.387756    
   710.318909    
   712.320007    
   710.004700    
   707.660400    
   707.926392    
   711.834656    
   714.276123    
   717.324219    
   713.317261    
   710.559326    
   709.791687    
   708.091858    
   706.888428    
   707.677490    
   708.191162    
   704.918823    
   705.133118    
   702.709412    
   704.876160    
   642.278931    
   638.243408    
   637.156616    
   634.857849    
   631.766663    
   628.944885    
   632.168640    
   633.731567    
   633.833252    
   629.479309    
   628.389038    
   624.325256    
   626.581482    
   622.622375    
   619.589233    
   617.034180    
   613.723938    
   609.414001    
   610.816284    
   617.196411    
   402.918152    
   408.804779    
   412.565826    
   413.421875    
   415.474518    
   419.766693    
   419.316345    
   419.782349    
   423.092438    
   424.831451    
   423.400879    
   428.379578    
   423.321014    
   427.719482    
   432.798004    
   436.890594    
   438.131348    
   444.214081    
   439.946716    
   433.270996    
   402.706940    
   398.780243    
   399.076111    
   395.344330    
   390.803680    
   388.346222    
   394.102386    
   397.338165    
   399.621521    
   392.709686    
   389.703156    
   385.460327    
   386.280884    
   381.791290    
   379.646179    
   377.788971    
   372.387726    
   368.822388    
   368.170807    
   375.420227    
   376.470764    
   377.912323    
   381.774872    
   378.719757    
   375.943939    
   377.606201    
   383.015137    
   386.709839    
   391.991302    
   386.781158    
   382.468933    
   382.944550    
   378.961487    
   378.658234    
   381.473572    
   383.619995    
   379.545258    
   382.118256    
   377.204102    
   377.741699    
   625.035217    
   620.890686    
   619.757629    
   617.417664    
   614.260925    
   611.361084    
   614.636475    
   616.219055    
   616.300354    
   611.861816    
   610.765259    
   606.599243    
   608.932068    
   604.876282    
   601.753723    
   599.125732    
   595.755737    
   591.325684    
   592.788574    
   599.321045    
   665.574219    
   665.083191    
   667.048035    
   664.407410    
   661.637878    
   661.640381    
   666.039612    
   668.774719    
   671.977905    
   667.349121    
   664.343018    
   663.147217    
   661.581482    
   659.935364    
   660.477600    
   660.783386    
   657.031189    
   656.871887    
   654.442932    
   657.305542    
   382.054443    
   378.761078    
   379.669739    
   375.807587    
   371.272034    
   369.355560    
   375.428497    
   378.961914    
   381.884216    
   374.814331    
   371.400665    
   367.697693    
   367.737579    
   363.674042    
   362.253967    
   360.981964    
   355.436523    
   352.733063    
   351.262878    
   357.821106    
   402.152466    
   407.895355    
   411.697418    
   412.380188    
   414.229980    
   418.437500    
   418.252472    
   418.865540    
   422.286224    
   423.722839    
   422.157074    
   426.962708    
   421.917267    
   426.136902    
   431.134766    
   435.161652    
   436.168793    
   442.120422    
   437.804962    
   431.421906    
   652.983154    
   649.247986    
   648.474182    
   646.082397    
   642.958557    
   640.383423    
   643.828430    
   645.546082    
   645.989380    
   641.501099    
   640.175171    
   636.335388    
   638.219788    
   634.420837    
   631.713135    
   629.416321    
   625.968750    
   622.012878    
   623.016785    
   629.169678    
   347.428375    
   351.037354    
   355.590027    
   353.616913    
   352.394043    
   355.507782    
   359.390533    
   362.394714    
   367.769592    
   364.575439    
   360.741638    
   363.259674    
   358.059418    
   359.796295    
   364.086853    
   367.472321    
   365.049774    
   369.655396    
   364.165833    
   361.560364    
   349.724335    
   353.304443    
   357.847168    
   355.861786    
   354.620392    
   357.715088    
   361.616516    
   364.629181    
   370.003204    
   366.783997    
   362.944000    
   365.436157    
   360.251190    
   361.961670    
   366.233368    
   369.602692    
   367.156677    
   371.735870    
   366.255920    
   363.689941    
   659.350403    
   661.689026    
   663.294983    
   663.566772    
   664.323730    
   666.114258    
   666.067200    
   666.355896    
   667.862549    
   668.477478    
   667.737549    
   669.826904    
   667.625488    
   669.432007    
   671.666016    
   673.470215    
   673.910034    
   676.642334    
   674.641418    
   671.780701    
   354.439117    
   358.165558    
   362.722168    
   360.842072    
   359.735565    
   362.914703    
   366.662598    
   369.593079    
   374.934448    
   371.899384    
   368.126770    
   370.752808    
   365.520721    
   367.368378    
   371.713379    
   375.145782    
   372.838013    
   377.520691    
   372.045166    
   369.276459    
   646.433655    
   642.591370    
   641.733276    
   639.344116    
   636.203430    
   633.544373    
   636.962891    
   638.656067    
   639.019775    
   634.526184    
   633.247314    
   629.320801    
   631.313049    
   627.443054    
   624.632385    
   622.252991    
   618.811340    
   614.731873    
   615.847229    
   622.105408    
   361.753662    
   363.389374    
   367.357941    
   364.356995    
   361.682220    
   363.497711    
   368.837921    
   372.517883    
   377.877472    
   372.781158    
   368.455750    
   369.129852    
   364.980560    
   364.866943    
   367.872894    
   370.176300    
   366.220184    
   369.050690    
   364.005035    
   364.213715    
   628.293884    
   626.432068    
   627.626709    
   624.662903    
   621.285034    
   620.300232    
   625.037659    
   627.823364    
   630.445435    
   625.137024    
   622.290161    
   619.876770    
   619.399231    
   616.645508    
   616.018250    
   615.376404    
   611.122864    
   609.487671    
   607.967590    
   612.567505    
   773.172302    
   772.776123    
   770.905518    
   772.739685    
   774.544434    
   774.040100    
   770.856812    
   768.775391    
   765.964783    
   769.336426    
   771.639587    
   771.968506    
   773.665405    
   774.416138    
   773.452454    
   772.767395    
   775.385437    
   774.873474    
   777.066895    
   775.713074    
   616.108765    
   611.938293    
   610.854004    
   608.438049    
   605.200073    
   602.291443    
   605.694397    
   607.348450    
   607.516907    
   602.941345    
   601.762695    
   597.555542    
   599.853760    
   595.743347    
   592.627502    
   590.002380    
   586.523376    
   582.079712    
   583.480530    
   590.104736    
   380.878174    
   379.585907    
   375.871155    
   379.125031    
   382.255737    
   381.110260    
   375.300751    
   371.484283    
   366.298981    
   372.215942    
   376.524933    
   376.969666    
   380.260101    
   381.470306    
   379.651123    
   378.408813    
   383.351379    
   382.573456    
   386.531311    
   383.902740    
   322.799255    
   328.658783    
   332.458923    
   333.252960    
   335.248932    
   339.537292    
   339.174927    
   339.705078    
   343.093811    
   344.710602    
   343.220367    
   348.170715    
   343.088165    
   347.458740    
   352.545197    
   356.643494    
   357.836578    
   363.924469    
   359.628540    
   352.975952    
   646.217041    
   642.361450    
   641.496216    
   639.103760    
   635.957092    
   633.288330    
   636.709839    
   638.403503    
   638.762329    
   634.261841    
   632.984436    
   629.046143    
   631.048950    
   627.168396    
   624.346375    
   621.957764    
   618.511963    
   614.415100    
   615.543213    
   621.816956    
   657.891541    
   654.082397    
   653.191833    
   650.867126    
   647.795227    
   645.152527    
   648.467041    
   650.103088    
   650.401672    
   646.022949    
   644.808167    
   640.923950    
   642.934875    
   639.116882    
   636.310791    
   633.937134    
   630.585999    
   626.529297    
   627.682007    
   633.857727    
   373.090546    
   379.088684    
   382.760681    
   383.821045    
   386.104187    
   390.452789    
   389.679657    
   389.956482    
   393.094269    
   395.185272    
   393.935333    
   399.074493    
   394.058594    
   398.631683    
   403.748077    
   407.875275    
   409.394775    
   415.571564    
   411.414246    
   404.449768    
   426.941925    
   432.704987    
   436.441559    
   437.214844    
   439.154694    
   443.361816    
   443.033020    
   443.555786    
   446.870453    
   448.465851    
   446.993378    
   451.840027    
   446.842590    
   451.111603    
   456.090881    
   460.106628    
   461.221619    
   467.171967    
   462.927307    
   456.471283    
   592.715027    
   588.367065    
   587.187500    
   584.729614    
   581.406616    
   578.371277    
   581.816101    
   583.478149    
   583.581909    
   578.911133    
   577.751160    
   573.387817    
   575.826538    
   571.574646    
   568.307739    
   565.560242    
   562.020447    
   557.388184    
   558.907776    
   565.752441    
   458.230164    
   455.218536    
   456.124939    
   452.496338    
   448.228241    
   446.469513    
   452.190704    
   455.511566    
   458.259247    
   451.636322    
   448.411987    
   444.930756    
   444.961639    
   441.138336    
   439.789642    
   438.563446    
   433.319885    
   430.693115    
   429.346161    
   435.602600    
   341.569397    
   347.252594    
   351.050415    
   351.686340    
   353.483215    
   357.654602    
   357.530060    
   358.180054    
   361.624664    
   362.969757    
   361.376373    
   366.127777    
   361.104462    
   365.274414    
   370.236725    
   374.237244    
   375.205627    
   381.114899    
   376.814087    
   370.494659    
   670.246521    
   666.659790    
   665.951904    
   663.615234    
   660.568298    
   658.103516    
   661.487061    
   663.181702    
   663.657349    
   659.275513    
   657.952881    
   654.248962    
   656.027954    
   652.355835    
   649.767883    
   647.568604    
   644.193726    
   640.390320    
   641.316284    
   647.271606    
   767.621277    
   768.629028    
   770.233032    
   769.338135    
   768.651550    
   769.606079    
   771.310181    
   772.550476    
   774.644775    
   773.109253    
   771.568054    
   772.197693    
   770.399597    
   770.744568    
   772.178528    
   773.296082    
   772.115906    
   773.597351    
   771.559570    
   771.033020    
   528.979919    
   528.973633    
   531.654114    
   528.638489    
   525.575317    
   526.040894    
   531.177429    
   534.497559    
   538.586792    
   533.311157    
   529.633118    
   528.786926    
   526.370117    
   524.931641    
   526.174561    
   527.038330    
   522.791382    
   523.398193    
   519.998779    
   522.503479    
   487.365845    
   484.690735    
   485.796936    
   482.236633    
   478.084930    
   476.585052    
   482.249390    
   485.572998    
   488.454620    
   481.985992    
   478.710480    
   475.515686    
   475.277893    
   471.713135    
   470.646484    
   469.645691    
   464.505981    
   462.222656    
   460.659241    
   466.511597    
   403.199280    
   399.291504    
   399.614563    
   395.869476    
   391.320282    
   388.882202    
   394.663086    
   397.919281    
   400.238556    
   393.302917    
   390.272522    
   386.047058    
   386.833496    
   382.355804    
   380.241119    
   378.408081    
   372.993011    
   369.462494    
   368.776306    
   375.998108    
   609.880371    
   605.703796    
   604.655029    
   602.194458    
   598.911377    
   596.004822    
   599.483459    
   601.181152    
   601.407104    
   596.753174    
   595.522766    
   591.300171    
   593.568420    
   589.433167    
   586.330200    
   583.714783    
   580.172424    
   575.732117    
   577.084290    
   583.753296    
   351.571869    
   357.142914    
   360.959106    
   361.475403    
   363.129822    
   367.233704    
   367.291351    
   368.036438    
   371.546204    
   372.686279    
   371.003357    
   375.630157    
   370.625244    
   374.664948    
   379.563782    
   383.512177    
   384.318176    
   390.128967    
   385.799744    
   379.693146    
   636.890381    
   635.013489    
   636.179565    
   633.234436    
   629.873230    
   628.872803    
   633.575195    
   636.333496    
   638.915649    
   633.641357    
   630.825745    
   628.403442    
   627.959045    
   625.202698    
   624.549988    
   623.888123    
   619.663208    
   618.000305    
   616.521057    
   621.125488    
   631.731445    
   627.719971    
   626.731934    
   624.343628    
   621.169678    
   618.379761    
   621.763428    
   623.421265    
   623.663940    
   619.155334    
   617.946472    
   613.880127    
   616.041321    
   612.055420    
   609.082153    
   606.572083    
   603.132324    
   598.861328    
   600.141479    
   606.575745    
   761.726807    
   761.430237    
   759.614929    
   761.473206    
   763.323120    
   762.889893    
   759.683899    
   757.604736    
   754.856323    
   758.254028    
   760.540955    
   760.957703    
   762.575439    
   763.405212    
   762.525696    
   761.909241    
   764.559692    
   764.152222    
   766.279480    
   764.804382    
   375.757843    
   372.630341    
   373.662384    
   369.808167    
   365.302094    
   363.519928    
   369.612793    
   373.177765    
   376.203308    
   369.166901    
   365.693726    
   362.130127    
   362.007324    
   358.060577    
   356.799561    
   355.655334    
   350.114990    
   347.603180    
   345.966003    
   352.351898    
   625.968933    
   625.398315    
   627.283325    
   624.664673    
   621.903992    
   621.844360    
   626.189575    
   628.877075    
   631.994263    
   627.399780    
   624.455017    
   623.202698    
   621.732239    
   620.044312    
   620.503784    
   620.744690    
   617.026001    
   616.776489    
   614.448120    
   617.368713    
   381.600555    
   382.952972    
   386.779694    
   383.688782    
   380.858398    
   382.459106    
   387.916382    
   391.630585    
   396.901276    
   391.617523    
   387.297180    
   387.691223    
   383.764282    
   383.382050    
   386.130005    
   388.221771    
   384.089600    
   386.575531    
   381.701599    
   382.358490    
   398.031616    
   395.982941    
   397.866272    
   394.003235    
   389.672058    
   388.775940    
   395.055939    
   398.867859    
   402.704346    
   395.748535    
   391.836151    
   389.194214    
   387.965759    
   384.801422    
   384.618896    
   384.340363    
   378.853271    
   377.643341    
   374.953979    
   380.080261    
   757.441223    
   760.598694    
   761.602783    
   763.221863    
   765.492493    
   767.624512    
   765.442505    
   764.427979    
   764.600037    
   767.661133    
   768.228455    
   771.190430    
   769.414734    
   772.233948    
   774.521179    
   776.406494    
   778.542969    
   781.622742    
   780.457031    
   776.053528    
   480.583649    
   477.837830    
   478.835938    
   475.334045    
   471.231598    
   469.661987    
   475.212158    
   478.447693    
   481.193695    
   474.828491    
   471.653534    
   468.409576    
   468.299011    
   464.707733    
   463.537262    
   462.454285    
   457.396271    
   455.003967    
   453.585541    
   459.482849    
   615.362976    
   611.188599    
   610.100464    
   607.685425    
   604.447693    
   601.535950    
   604.936462    
   606.588806    
   606.753113    
   602.178772    
   601.002869    
   596.792786    
   599.095703    
   594.983093    
   591.863098    
   589.234802    
   585.757324    
   581.309021    
   582.714417    
   589.341980    
   321.928986    
   328.058777    
   330.952972    
   333.032013    
   336.402832    
   340.726013    
   338.257111    
   337.485260    
   339.435455    
   343.311737    
   343.158234    
   348.749390    
   344.341370    
   349.514709    
   354.471161    
   358.516449    
   361.381317    
   367.664917    
   364.331482    
   356.323395    
   593.170837    
   588.867981    
   587.764343    
   585.259216    
   581.900818    
   578.906250    
   582.439819    
   584.158203    
   584.358459    
   579.611328    
   578.376038    
   574.038025    
   576.394775    
   572.151306    
   568.946594    
   566.247986    
   562.640625    
   558.067871    
   559.483154    
   566.327942    
   336.126129    
   341.849426    
   345.651642    
   346.318085    
   348.154938    
   352.353119    
   352.183014    
   352.811096    
   356.249298    
   357.646912    
   356.071564    
   360.865326    
   355.825928    
   360.038391    
   365.029236    
   369.052246    
   370.065369    
   376.015686    
   371.711426    
   365.321167    
   654.050842    
   650.235718    
   649.371765    
   647.012024    
   643.904968    
   641.262695    
   644.636047    
   646.305481    
   646.647705    
   642.207886    
   640.953491    
   637.055786    
   639.044922    
   635.206726    
   632.409302    
   630.041504    
   626.640747    
   622.585510    
   623.709290    
   629.915222    
   447.681244    
   453.195923    
   457.100891    
   457.466095    
   458.954803    
   463.033600    
   463.341583    
   464.219604    
   467.864655    
   468.758148    
   466.928833    
   471.457214    
   466.400330    
   470.318817    
   475.212097    
   479.148438    
   479.729645    
   485.484192    
   481.042969    
   475.154877    
   613.268982    
   613.117981    
   615.476196    
   612.690125    
   609.833374    
   610.129761    
   614.843994    
   617.850464    
   621.503601    
   616.637085    
   613.301453    
   612.362061    
   610.317078    
   608.852661    
   609.808472    
   610.443970    
   606.497498    
   606.799011    
   603.850525    
   606.424988    
   643.963806    
   640.111450    
   639.252686    
   636.855774    
   633.705566    
   631.039978    
   634.469604    
   636.168396    
   636.535583    
   632.027832    
   630.743835    
   626.807251    
   628.803284    
   624.922852    
   622.105957    
   619.721436    
   616.269043    
   612.179749    
   613.295532    
   619.570740    
   452.955200    
   448.185608    
   447.291290    
   444.173004    
   440.063507    
   436.828491    
   441.351196    
   443.649200    
   444.426819    
   438.538940    
   436.680420    
   431.818146    
   434.101685    
   429.253052    
   425.898041    
   423.068085    
   418.551910    
   413.655029    
   414.727325    
   422.549072    
   451.707947    
   448.926208    
   450.021210    
   446.383453    
   442.138092    
   440.571960    
   446.351959    
   449.742859    
   452.665070    
   446.049011    
   442.717926    
   439.431580    
   439.216187    
   435.554901    
   434.442657    
   433.407440    
   428.157471    
   425.817230    
   424.227570    
   430.221741    
   1143.51001    
   1144.80151    
   1145.30786    
   1145.89563    
   1146.75574    
   1147.67603    
   1146.91101    
   1146.57959    
   1146.76184    
   1147.94470    
   1148.06921    
   1149.31482    
   1148.46289    
   1149.64941    
   1150.69177    
   1151.54175    
   1152.37231    
   1153.76331    
   1153.13635    
   1151.26282    
   399.771881    
   397.723541    
   399.607056    
   395.744049    
   391.412811    
   390.516754    
   396.796753    
   400.608673    
   404.445129    
   397.489258    
   393.576843    
   390.934784    
   389.706482    
   386.542053    
   386.359222    
   386.080322    
   380.593170    
   379.382446    
   376.693634    
   381.820557    
   393.773560    
   399.800201    
   403.386536    
   404.574463    
   406.991608    
   411.344116    
   410.366089    
   410.512390    
   413.503815    
   415.822510    
   414.702240    
   419.895355    
   414.955841    
   419.606506    
   424.705109    
   428.822815    
   430.502747    
   436.690582    
   432.629181    
   425.543610    
   365.043060    
   367.859711    
   372.204315    
   369.787964    
   367.947296    
   370.540405    
   375.066711    
   378.379547    
   383.785187    
   379.768311    
   375.698151    
   377.450897    
   372.658264    
   373.620026    
   377.407990    
   380.356964    
   377.257019    
   381.138702    
   375.791077    
   374.374268    
   425.671021    
   431.067322    
   434.940308    
   435.238525    
   436.636719    
   440.636108    
   441.036041    
   441.955170    
   445.596252    
   446.370758    
   444.514160    
   448.929871    
   443.935730    
   447.745880    
   452.550201    
   456.416046    
   456.907623    
   462.548981    
   458.140930    
   452.428406    
   507.864410    
   507.202942    
   509.656799    
   506.332367    
   502.821625    
   502.849609    
   508.408905    
   511.928833    
   515.983276    
   510.097321    
   506.307312    
   504.860107    
   502.809204    
   500.785919    
   501.569031    
   502.058807    
   497.352539    
   497.351135    
   494.153992    
   497.569305    
   643.234680    
   639.310730    
   638.343079    
   636.005554    
   632.899353    
   630.168762    
   633.481445    
   635.106140    
   635.340149    
   630.928772    
   629.746216    
   625.764221    
   627.879639    
   623.977661    
   621.066772    
   618.608887    
   615.242188    
   611.062134    
   612.310242    
   618.612915    
   363.266144    
   364.395477    
   368.144989    
   364.955475    
   361.983398    
   363.444305    
   369.033081    
   372.805878    
   378.062866    
   372.594788    
   368.241272    
   368.452057    
   364.637115    
   364.077545    
   366.689606    
   368.674530    
   364.410736    
   366.732117    
   361.909973    
   362.821808    
   430.768768    
   427.422363    
   428.171509    
   424.429749    
   420.001190    
   417.996704    
   423.854004    
   427.227478    
   429.907410    
   423.053436    
   419.820587    
   416.052765    
   416.300323    
   412.207336    
   410.613281    
   409.193146    
   403.786957    
   400.856964    
   399.659912    
   406.318451    
   630.372498    
   626.357788    
   625.372314    
   622.978455    
   619.798584    
   617.007019    
   620.399353    
   622.062012    
   622.309814    
   617.791443    
   616.577271    
   612.507019    
   614.666992    
   610.676392    
   607.702026    
   605.191101    
   601.743469    
   597.469910    
   598.747070    
   605.189514    
   507.844299    
   507.164703    
   509.605988    
   506.279907    
   502.763733    
   502.778168    
   508.336945    
   511.854584    
   515.898132    
   510.007690    
   506.222870    
   504.759766    
   502.725800    
   500.688568    
   501.454468    
   501.930511    
   497.220703    
   497.198181    
   494.016357    
   497.453979    
   674.112122    
   670.553101    
   669.860229    
   667.530884    
   664.494873    
   662.051392    
   665.428528    
   667.121948    
   667.607788    
   663.240540    
   661.914978    
   658.235413    
   659.992554    
   656.342529    
   653.778198    
   651.598022    
   648.232544    
   644.459351    
   645.365723    
   651.286926    
   502.444641    
   499.981964    
   501.174591    
   497.700317    
   493.671204    
   492.323608    
   497.874481    
   501.146912    
   504.058594    
   497.762360    
   494.507416    
   491.502655    
   491.135223    
   487.752258    
   486.840027    
   485.963226    
   480.951202    
   478.867493    
   477.218750    
   482.792419    
   645.162964    
   641.411011    
   640.598999    
   638.235840    
   635.137146    
   632.544861    
   635.937439    
   637.623596    
   638.016663    
   633.575867    
   632.290710    
   628.444885    
   630.367859    
   626.571411    
   623.836670    
   621.519226    
   618.112061    
   614.131958    
   615.186951    
   621.330383    
   397.968719    
   403.946075    
   407.592651    
   408.666138    
   410.973663    
   415.302032    
   414.491730    
   414.738098    
   417.825592    
   419.959900    
   418.739563    
   423.855438    
   418.891418    
   423.454559    
   428.542603    
   432.647369    
   434.185822    
   440.331024    
   436.210632    
   429.264374    
   1147.65491    
   1148.85583    
   1149.19373    
   1149.89453    
   1150.85217    
   1151.68945    
   1150.71313    
   1150.23694    
   1150.19385    
   1151.57153    
   1151.87390    
   1153.08081    
   1152.41260    
   1153.59180    
   1154.50330    
   1155.25586    
   1156.25476    
   1157.52771    
   1157.11682    
   1155.23010    
   645.341614    
   641.474792    
   640.599670    
   638.208801    
   635.061890    
   632.384155    
   635.800659    
   637.490479    
   637.839111    
   633.340393    
   632.069580    
   628.122742    
   630.137756    
   626.250488    
   623.417297    
   621.019897    
   617.575867    
   613.474670    
   614.606262    
   620.891418    
   364.155884    
   369.606506    
   373.529144    
   373.821411    
   375.234589    
   379.281830    
   379.689728    
   380.626862    
   384.325989    
   385.088562    
   383.205536    
   387.675385    
   382.622406    
   386.483154    
   391.352722    
   395.270508    
   395.788239    
   401.510803    
   397.058319    
   391.243317    
   339.577942    
   345.259705    
   349.069214    
   349.690979    
   351.474274    
   355.647186    
   355.545441    
   356.209595    
   359.671967    
   360.992554    
   359.383789    
   364.130646    
   359.098175    
   363.261841    
   368.228851    
   372.232635    
   373.184723    
   379.096619    
   374.782806    
   368.472504    
   453.393433    
   450.057281    
   450.657593    
   447.085663    
   442.830933    
   440.792175    
   446.354462    
   449.522705    
   451.950897    
   445.413025    
   442.392303    
   438.646149    
   439.063446    
   435.032257    
   433.327637    
   431.816528    
   426.649323    
   423.608368    
   422.669312    
   429.247894    
   349.141815    
   352.842438    
   357.391937    
   355.493958    
   354.363220    
   357.524139    
   361.297485    
   364.241089    
   369.586884    
   366.517822    
   362.735199    
   365.334290    
   360.114868    
   361.935547    
   366.263672    
   369.681824    
   367.351685    
   372.009583    
   366.531738    
   363.807739    
   714.478027    
   714.457886    
   716.466675    
   714.184998    
   711.885559    
   712.182983    
   716.041687    
   718.454773    
   721.491333    
   717.547607    
   714.813110    
   714.094299    
   712.375000    
   711.220886    
   712.040833    
   712.580383    
   709.357239    
   709.616638    
   707.190247    
   709.276855    
   1159.68494    
   1161.04651    
   1161.68591    
   1162.18079    
   1162.95740    
   1163.94092    
   1163.34875    
   1163.13342    
   1163.48999    
   1164.51562    
   1164.49829    
   1165.76746    
   1164.77759    
   1165.95728    
   1167.09741    
   1168.02026    
   1168.70544    
   1170.17688    
   1169.38123    
   1167.53735    
   713.834778    
   713.797058    
   715.794800    
   713.510071    
   711.203918    
   711.488281    
   715.349426    
   717.761719    
   720.790100    
   716.838928    
   714.108032    
   713.373718    
   711.669434    
   710.501526    
   711.306030    
   711.832947    
   708.604797    
   708.845215    
   706.431580    
   708.539673    
   345.377777    
   348.728943    
   353.214447    
   351.093536    
   349.665314    
   352.609253    
   356.707581    
   359.817352    
   365.210846    
   361.737793    
   357.822815    
   360.093262    
   355.019745    
   356.505707    
   360.634583    
   363.880646    
   361.233856    
   365.607147    
   360.158173    
   357.939087    
   742.284241    
   745.464233    
   746.328491    
   748.134705    
   750.606934    
   752.735413    
   750.241211    
   749.033020    
   748.979187    
   752.377686    
   753.151123    
   756.223022    
   754.539795    
   757.505371    
   759.776855    
   761.650391    
   764.045532    
   767.137512    
   766.128967    
   761.525391    
   586.866394    
   582.530457    
   581.418518    
   578.895630    
   575.511169    
   572.494629    
   576.053772    
   577.784058    
   577.986755    
   573.204041    
   571.959473    
   567.589478    
   569.964478    
   565.689270    
   562.460571    
   559.742188    
   556.109009    
   551.503418    
   552.931335    
   559.823059    
   676.209106    
   672.683167    
   672.031799    
   669.685059    
   666.637085    
   664.222839    
   667.636902    
   669.354248    
   669.887756    
   665.493164    
   664.132874    
   660.476562    
   662.186951    
   658.551331    
   656.025940    
   653.876465    
   650.486084    
   646.755310    
   647.606323    
   653.509094    
   643.142456    
   642.003296    
   643.647949    
   640.805115    
   637.697205    
   637.249878    
   641.877563    
   644.696655    
   647.706543    
   642.665100    
   639.670654    
   637.888184    
   636.791748    
   634.600098    
   634.615356    
   634.492554    
   630.431458    
   629.596191    
   627.529663    
   631.248291    
   366.751495    
   370.603333    
   375.157593    
   373.387085    
   372.414703    
   375.662842    
   379.250641    
   382.089294    
   387.382172    
   384.534851    
   380.839813    
   383.580688    
   378.325348    
   380.292633    
   384.687469    
   388.162659    
   385.986938    
   390.747375    
   385.279266    
   382.356415    
   489.901520    
   491.685303    
   492.880829    
   493.138580    
   493.781219    
   495.158386    
   495.032349    
   495.201996    
   496.302673    
   496.885651    
   496.364044    
   497.994293    
   496.332947    
   497.760925    
   499.483154    
   500.880554    
   501.305420    
   503.449036    
   501.932312    
   499.640839    
   588.979675    
   584.641235    
   583.517212    
   581.005615    
   577.631775    
   574.611633    
   578.150879    
   579.869263    
   580.054199    
   575.291016    
   574.061340    
   569.692139    
   572.078674    
   567.807190    
   564.571350    
   561.847534    
   558.230530    
   553.619385    
   555.060730    
   561.947998    
   793.454224    
   791.997131    
   792.527649    
   790.690491    
   788.559021    
   787.767517    
   790.643372    
   792.294067    
   793.782471    
   790.425354    
   788.790833    
   787.114014    
   787.049866    
   785.220337    
   784.631165    
   784.080566    
   781.543274    
   780.362183    
   779.645691    
   782.588196    
   506.902954    
   506.854065    
   509.405457    
   506.497650    
   503.537689    
   503.949951    
   508.892120    
   512.075134    
   515.986633    
   510.904694    
   507.372589    
   506.515961    
   504.235962    
   502.814392    
   503.962555    
   504.753510    
   500.656128    
   501.176544    
   497.946960    
   500.427643    
   622.445618    
   618.391968    
   617.396973    
   614.981079    
   611.770813    
   608.952332    
   612.376038    
   614.053162    
   614.304382    
   609.742798    
   608.517334    
   604.408936    
   606.589905    
   602.561523    
   599.558716    
   597.024292    
   593.544373    
   589.236511    
   590.520264    
   597.022766    
   709.308167    
   709.165100    
   711.115906    
   708.792908    
   706.426025    
   706.636230    
   710.545410    
   712.977356    
   715.981079    
   711.954956    
   709.218750    
   708.387817    
   706.755310    
   705.496277    
   706.217651    
   706.676697    
   703.391174    
   703.523499    
   701.160522    
   703.413269    
   676.105042    
   675.093140    
   676.699463    
   674.009644    
   671.088196    
   670.707886    
   675.089966    
   677.749756    
   680.638550    
   675.883301    
   673.035706    
   671.393250    
   670.308838    
   668.273499    
   668.332031    
   668.248047    
   664.411377    
   663.663391    
   661.670166    
   665.147156    
   396.857513    
   402.716980    
   406.477020    
   407.315918    
   409.359680    
   413.633545    
   413.196167    
   413.666931    
   416.970398    
   418.690399    
   417.249084    
   422.201630    
   417.172180    
   421.544647    
   426.604126    
   430.679565    
   431.905457    
   437.959045    
   433.706268    
   427.067749    
   467.147614    
   464.509888    
   465.425629    
   462.110229    
   458.219208    
   456.702698    
   461.945038    
   464.980011    
   467.542419    
   461.529755    
   458.541443    
   455.429138    
   455.379852    
   451.947083    
   450.784363    
   449.711121    
   444.929749    
   442.587280    
   441.313538    
   446.958557    
   330.452942    
   336.327972    
   340.076721    
   340.938934    
   343.002655    
   347.288330    
   346.817688    
   347.278137    
   350.584900    
   352.321564    
   350.902344    
   355.882050    
   350.838257    
   355.244415    
   360.314178    
   364.401855    
   365.675964    
   371.759033    
   367.519257    
   360.815430    
   455.179901    
   452.358978    
   453.173218    
   449.812469    
   445.846558    
   444.190857    
   449.480103    
   452.523773    
   455.021088    
   448.910522    
   445.940033    
   442.667145    
   442.758942    
   439.179626    
   437.864594    
   436.668945    
   431.817932    
   429.285706    
   428.125336    
   433.999420    
   751.660278    
   752.097595    
   754.163879    
   752.213989    
   750.343201    
   750.935791    
   754.310791    
   756.452637    
   759.364746    
   756.028564    
   753.532715    
   753.272827    
   751.375732    
   750.691833    
   751.800964    
   752.582703    
   749.835266    
   750.521240    
   748.058472    
   749.398254    
   303.713928    
   310.103149    
   314.899139    
   314.812744    
   315.993347    
   320.392334    
   321.410095    
   322.787659    
   327.262726    
   327.415314    
   324.982697    
   329.694122    
   324.026276    
   328.040771    
   333.464386    
   337.786896    
   338.011993    
   344.305939    
   339.203461    
   333.030365    
   473.625488    
   470.795563    
   471.832977    
   468.216309    
   463.984741    
   462.371857    
   468.106140    
   471.458466    
   474.310089    
   467.729279    
   464.446350    
   461.116608    
   460.977417    
   457.285126    
   456.104431    
   455.012451    
   449.791229    
   447.364288    
   445.864990    
   451.914459    
   646.413330    
   642.561462    
   641.698547    
   639.306763    
   636.161621    
   633.495605    
   636.916687    
   638.610535    
   638.970947    
   634.472107    
   633.194031    
   629.258972    
   631.258667    
   627.381042    
   624.562256    
   622.176514    
   618.731201    
   614.641418    
   615.762939    
   622.033386    
   315.128174    
   320.408356    
   325.021729    
   324.407166    
   324.926697    
   329.024506    
   330.846619    
   332.679504    
   337.450287    
   336.698212    
   333.844452    
   337.995605    
   332.397461    
   335.824310    
   340.973419    
   345.083679    
   344.572906    
   350.464111    
   345.192535    
   339.955902    
   592.758057    
   588.509583    
   587.453491    
   584.940063    
   581.587097    
   578.634216    
   582.191223    
   583.928223    
   584.177734    
   579.422668    
   578.156006    
   573.860962    
   576.157837    
   571.947876    
   568.798706    
   566.144165    
   562.525513    
   558.017334    
   559.373169    
   566.164429    
   646.501038    
   642.636475    
   641.766846    
   639.371704    
   636.220825    
   633.545410    
   636.969666    
   638.664185    
   639.020203    
   634.514282    
   633.237366    
   629.291077    
   631.300659    
   627.412842    
   624.583313    
   622.188843    
   618.738647    
   614.640747    
   615.764832    
   622.051880    
   379.260559    
   375.856689    
   376.664093    
   372.820160    
   368.283264    
   366.274597    
   372.299896    
   375.787262    
   378.604645    
   371.558228    
   368.208405    
   364.414734    
   364.581635    
   360.444672    
   358.905792    
   357.537964    
   352.010773    
   349.156311    
   347.826324    
   354.499908    
   630.309875    
   626.295654    
   625.307556    
   622.917175    
   619.740662    
   616.949036    
   620.335693    
   621.994934    
   622.238586    
   617.726135    
   616.515930    
   612.446899    
   614.609070    
   610.620422    
   607.645325    
   605.133911    
   601.691284    
   597.417786    
   598.697937    
   605.136902    
   699.187134    
   699.009888    
   700.981506    
   698.605408    
   696.176331    
   696.369995    
   700.364624    
   702.852478    
   705.906799    
   701.783569    
   698.991760    
   698.119690    
   696.474854    
   695.168030    
   695.882202    
   696.333923    
   692.971069    
   693.081604    
   690.689270    
   693.014099    
   325.359344    
   331.115051    
   334.966797    
   335.608337    
   337.431519    
   341.661652    
   341.534821    
   342.196655    
   345.697174    
   347.051453    
   345.434418    
   350.252441    
   345.161133    
   349.391174    
   354.429810    
   358.487701    
   359.481110    
   365.477417    
   361.123871    
   354.698792    
   1115.60144    
   1116.94019    
   1117.60144    
   1118.05286    
   1118.78259    
   1119.75586    
   1119.23376    
   1119.06348    
   1119.47156    
   1120.41052    
   1120.34753    
   1121.58716    
   1120.58337    
   1121.72839    
   1122.86621    
   1123.78625    
   1124.41052    
   1125.86755    
   1125.04504    
   1123.25696    
   738.329163    
   738.680542    
   740.685425    
   738.730591    
   736.837830    
   737.365967    
   740.735962    
   742.865234    
   745.724915    
   742.369446    
   739.900391    
   739.570251    
   737.752747    
   737.007751    
   738.038330    
   738.757446    
   736.000732    
   736.593933    
   734.203979    
   735.637085    
   332.673706    
   337.168274    
   341.764252    
   340.501648    
   340.186066    
   343.828613    
   346.646820    
   349.057007    
   354.141052    
   352.224792    
   348.880096    
   352.265900    
   346.822510    
   349.456512    
   354.204132    
   357.981781    
   356.535492    
   361.813660    
   356.411865    
   352.447998    
   649.214355    
   645.377258    
   644.491211    
   642.137634    
   639.032593    
   636.372437    
   639.730835    
   641.389709    
   641.708191    
   637.276978    
   636.038818    
   632.124878    
   634.140381    
   630.290344    
   627.469849    
   625.083801    
   621.692627    
   617.611023    
   618.761902    
   624.985535    
   623.096924    
   619.038513    
   618.042786    
   615.622314    
   612.405884    
   609.583252    
   613.013916    
   614.694458    
   614.947632    
   610.377136    
   609.148438    
   605.033508    
   607.217224    
   603.182007    
   600.174744    
   597.636780    
   594.149963    
   589.835510    
   591.120056    
   597.633484    
   628.516235    
   626.650757    
   627.828979    
   624.880310    
   621.517944    
   620.527283    
   625.237366    
   628.003052    
   630.599670    
   625.319641    
   622.494324    
   620.081421    
   619.621643    
   616.872192    
   616.233521    
   615.582764    
   611.352356    
   609.706848    
   608.211975    
   612.803162    
   614.339172    
   610.165710    
   609.084534    
   606.662354    
   603.417664    
   600.507568    
   603.920715    
   605.580383    
   605.755432    
   601.168457    
   599.983398    
   595.772278    
   598.068481    
   593.953003    
   590.836792    
   588.211365    
   584.723328    
   580.277771    
   581.674255    
   588.306885    
   514.647034    
   509.876526    
   508.656158    
   505.896820    
   502.158875    
   498.857300    
   502.752411    
   504.644745    
   504.882599    
   499.628815    
   498.257172    
   493.470947    
   496.078827    
   491.392883    
   487.854065    
   484.882080    
   480.905029    
   475.877930    
   477.428131    
   484.969452    
   617.911377    
   613.297852    
   610.201843    
   609.708923    
   608.330566    
   604.859253    
   604.872742    
   604.359924    
   601.562134    
   600.398926    
   601.707886    
   597.775635    
   601.992615    
   598.597168    
   594.389343    
   590.971436    
   590.378845    
   585.286072    
   589.218567    
   594.359192    
   352.346344    
   357.890656    
   361.714142    
   362.199219    
   363.817780    
   367.906555    
   368.011566    
   368.781921    
   372.311096    
   373.397949    
   371.690735    
   376.288147    
   371.285248    
   375.293823    
   380.179535    
   384.116730    
   384.881897    
   390.669952    
   386.332123    
   380.276093    
   352.221954    
   357.769531    
   361.595245    
   362.080750    
   363.700409    
   367.791656    
   367.896545    
   368.667236    
   372.198517    
   373.286041    
   371.577881    
   376.178009    
   371.172363    
   375.183319    
   380.072021    
   384.011658    
   384.777618    
   390.569336    
   386.229004    
   380.168976    
   1114.41016    
   1116.70312    
   1115.77576    
   1118.86230    
   1122.45618    
   1123.77563    
   1118.93958    
   1116.11829    
   1113.61426    
   1119.33313    
   1122.02197    
   1124.83594    
   1124.94434    
   1128.03564    
   1129.06055    
   1130.00452    
   1134.36938    
   1136.46472    
   1137.56079    
   1132.57361    
   628.693787    
   624.671936    
   623.687256    
   621.286621    
   618.098450    
   615.302368    
   618.705261    
   620.373291    
   620.625610    
   616.094543    
   614.874939    
   610.796997    
   612.958496    
   608.959717    
   605.981384    
   603.466919    
   600.009338    
   595.729187    
   597.005310    
   603.461121    
   584.108643    
   581.632874    
   582.515259    
   579.371155    
   575.684265    
   574.252747    
   579.219727    
   582.075439    
   584.491760    
   578.809082    
   575.983337    
   573.019165    
   572.992188    
   569.728271    
   568.599792    
   567.551758    
   563.020020    
   560.742676    
   559.579346    
   564.978088    
   406.271881    
   403.267639    
   404.398102    
   400.539886    
   396.045929    
   394.362000    
   400.482452    
   404.078888    
   407.189392    
   400.156464    
   396.633972    
   393.163086    
   392.923615    
   389.054718    
   387.902222    
   386.842041    
   381.302032    
   378.904358    
   377.176453    
   383.438873    
   342.088074    
   347.776306    
   351.600677    
   352.211273    
   353.985199    
   358.164764    
   358.082672    
   358.759338    
   362.240448    
   363.542938    
   361.919006    
   366.667480    
   361.621033    
   365.783661    
   370.761169    
   374.772247    
   375.709869    
   381.630493    
   377.299133    
   370.991486    
   714.507263    
   714.496887    
   716.509338    
   714.231934    
   711.938538    
   712.242737    
   716.095886    
   718.506592    
   721.545166    
   717.608704    
   714.875488    
   714.165649    
   712.440430    
   711.294922    
   712.122314    
   712.667908    
   709.450928    
   709.720154    
   707.289917    
   709.362427    
   507.923401    
   507.258209    
   509.686096    
   506.386719    
   502.900543    
   502.919525    
   508.434906    
   511.925690    
   515.942932    
   510.099670    
   506.341339    
   504.893768    
   502.871277    
   500.853424    
   501.616913    
   502.091064    
   497.418030    
   497.396759    
   494.239044    
   497.647461    
   758.278931    
   757.125977    
   754.823792    
   756.486023    
   757.965332    
   756.932068    
   753.882080    
   751.803406    
   748.660461    
   751.674133    
   754.103210    
   753.767517    
   756.084778    
   756.244934    
   754.632324    
   753.418152    
   755.833130    
   754.522644    
   757.251892    
   756.789612    
   403.164459    
   399.228149    
   399.523712    
   395.785187    
   391.235840    
   388.774536    
   394.540314    
   397.782837    
   400.071838    
   393.145508    
   390.133911    
   385.885498    
   386.706482    
   382.211029    
   380.064697    
   378.206665    
   372.799530    
   369.232147    
   368.579651    
   375.832947    
   665.410828    
   665.132568    
   667.216797    
   664.626648    
   661.951599    
   662.108032    
   666.457275    
   669.185303    
   672.468933    
   667.951843    
   664.920898    
   663.914368    
   662.179749    
   660.706177    
   661.429993    
   661.883179    
   658.209839    
   658.278564    
   655.711792    
   658.302246    
   435.062927    
   431.107544    
   431.271118    
   427.655273    
   423.226227    
   420.710907    
   426.256683    
   429.339935    
   431.421082    
   424.719055    
   421.878052    
   417.608063    
   418.593750    
   414.108246    
   411.835632    
   409.870453    
   404.615906    
   400.891937    
   400.476440    
   407.752106    
   375.129395    
   380.669373    
   384.584412    
   384.962463    
   386.475861    
   390.576080    
   390.858795    
   391.731262    
   395.387512    
   396.298035    
   394.474091    
   399.034882    
   393.961609    
   397.915405    
   402.835327    
   406.794159    
   407.417999    
   413.216217    
   408.772949    
   402.809265    
   607.592590    
   603.400269    
   602.344421    
   599.878662    
   596.586487    
   593.669067    
   597.153992    
   598.853882    
   599.076538    
   594.411438    
   593.180664    
   588.944031    
   591.223389    
   587.075012    
   583.959656    
   581.334045    
   577.784241    
   573.327454    
   574.688232    
   581.378052    
