1
         163
  -6.260000       150.5800       50.00000    
  P      
   8.150000       94.14000       17.00000    
  P      
  -31.64000      -177.9900       9.000000    
  PcP    
   23.18000       121.5200       14.00000    
  P      
   13.86000       93.59000       36.00000    
  P      
  -21.03000      -179.1200       625.0000    
  P      
   3.300000       95.97000       30.00000    
  P      
  -5.730000       148.6800       108.0000    
  P      
   1.040000       126.1800       68.00000    
  P      
  -15.87000      -174.6300       230.0000    
  P      
   7.350000       92.47000       30.00000    
  P      
  -7.180000       120.5600       502.0000    
  P      
  -6.110000       130.2600       142.0000    
  P      
  -24.71000      -63.51000       570.0000    
  PP     
   2.000000       97.95000       36.00000    
  P      
  -18.14000      -178.9800       530.0000    
  P      
  -1.130000       119.9600       22.00000    
  P      
  -31.64000      -177.9900       9.000000    
  P      
   13.39000      -89.37000       62.00000    
  PKiKP  
   5.490000       94.37000       39.00000    
  P      
  -8.290000       124.8700       10.00000    
  P      
  -1.970000       126.6900       50.00000    
  P      
  -56.08000      -27.42000       109.0000    
  P      
   7.120000       92.53000       14.00000    
  P      
  -11.15000       163.7000       13.00000    
  P      
  -17.72000      -178.5900       555.0000    
  P      
   14.68000       92.67000       30.00000    
  P      
  -18.43000       176.0000       10.00000    
  P      
   2.890000       96.35000       27.00000    
  P      
 -0.1100000       98.76000       55.00000    
  P      
   42.99000       145.0600       39.00000    
  P      
  -3.610000       135.4500       10.00000    
  P      
  -5.260000       145.7200       78.00000    
  P      
   42.14000       144.3100       35.00000    
  P      
   5.100000       92.30000       11.00000    
  P      
  -22.31000      -176.3300       49.00000    
  P      
  -7.970000       124.7900       27.00000    
  P      
  -4.520000       153.1700       39.00000    
  P      
   3.310000       93.67000       29.00000    
  P      
   33.72000       138.3900       21.00000    
  P      
  -7.090000       129.1800       106.0000    
  P      
  -20.39000      -175.9900       171.0000    
  P      
   10.01000       93.96000       33.00000    
  P      
  -11.41000       162.1700       10.00000    
  P      
  -11.13000       162.1900       10.00000    
  P      
  -21.90000      -179.3000       593.0000    
  ScP    
  -11.05000       163.1900       10.00000    
  P      
   8.300000       93.98000       25.00000    
  P      
  -6.790000       153.6200       8.000000    
  P      
   24.09000       122.5400       29.00000    
  P      
  -56.00000      -24.36000       10.00000    
  P      
   2.990000       95.40000       22.00000    
  P      
  -65.72000       133.2800       10.00000    
  P      
  -24.21000       178.9500       537.0000    
  P      
   8.100000       94.06000       18.00000    
  P      
   8.870000       92.37000       14.00000    
  P      
  -24.92000      -177.6500       150.0000    
  P      
  -20.42000      -174.3200       31.00000    
  P      
  0.1800000       97.03000       38.00000    
  P      
   1.080000       125.7300       88.00000    
  P      
  -21.90000      -179.3000       593.0000    
  P      
   12.50000       92.58000       30.00000    
  P      
  -7.710000       159.4800       29.00000    
  ScP    
   15.99000       145.8500       139.0000    
  P      
   4.750000       126.4200       39.00000    
  P      
  -8.060000       125.0700       10.00000    
  P      
   2.890000       96.40000       28.00000    
  P      
  -20.36000      -178.6700       614.0000    
  P      
   24.63000       121.9000       4.000000    
  P      
   5.530000       94.32000       30.00000    
  P      
  -56.12000      -27.44000       102.0000    
  P      
  -6.520000       129.9000       190.0000    
  P      
   33.18000       137.1500       369.0000    
  P      
  -4.310000       152.7600       10.00000    
  P      
  -3.610000       135.4400       19.00000    
  P      
  -21.02000      -113.6400       10.00000    
  P      
   5.130000       125.2200       173.0000    
  P      
   2.920000       95.40000       25.00000    
  P      
  -34.44000       179.3200       157.0000    
  P      
  0.9000000       97.81000       30.00000    
  P      
  -22.45000      -179.7900       588.0000    
  P      
   8.780000       93.21000       12.00000    
  P      
  -16.05000      -174.7900       10.00000    
  P      
   26.08000       144.0100       24.00000    
  P      
   8.120000       94.19000       30.00000    
  P      
  -8.620000       112.7200       120.0000    
  P      
   1.630000       127.3900       135.0000    
  P      
   9.580000      -84.23000       16.00000    
  PKiKP  
  -3.570000       135.4300       10.00000    
  P      
  -25.53000      -176.3000       16.00000    
  P      
  -7.710000       159.4800       29.00000    
  P      
  -15.38000      -174.9400       252.0000    
  P      
   10.94000       140.8400       9.000000    
  P      
   6.910000       92.95000       38.00000    
  P      
  -5.610000       151.4400       55.00000    
  P      
  -3.400000       126.1800       21.00000    
  P      
   5.470000       94.46000       33.00000    
  P      
   10.98000       140.6900       12.00000    
  P      
   12.98000       92.39000       23.00000    
  P      
   7.590000       126.5500       87.00000    
  P      
   9.530000       93.51000       102.0000    
  P      
  -24.41000      -176.0200       32.00000    
  P      
   4.690000      -77.53000       15.00000    
  PKiKP  
   7.920000       94.04000       19.00000    
  P      
  -18.10000      -178.8500       563.0000    
  P      
  -21.90000      -179.5500       599.0000    
  P      
 -9.9999998E-03   123.2000       157.0000    
  P      
  -11.05000       163.0100       46.00000    
  P      
   42.90000       145.2300       35.00000    
  P      
   18.96000      -81.41000       10.00000    
  PKiKP  
   42.92000       144.8800       42.00000    
  P      
  -10.28000       161.3000       79.00000    
  P      
  -26.24000      -113.5100       10.00000    
  P      
  0.3600000       98.34000       38.00000    
  P      
   13.53000       92.83000       13.00000    
  P      
   28.91000       130.4700       29.00000    
  P      
  -10.26000       164.6500       10.00000    
  P      
  -24.21000       178.9500       537.0000    
  PcP    
  0.3500000       98.09000       31.00000    
  P      
   5.130000       125.2200       173.0000    
  ScP    
   17.54000       145.4300       509.0000    
  P      
   4.790000       95.12000       48.00000    
  P      
   42.38000       142.8500       59.00000    
  P      
   33.81000       130.0700       10.00000    
  P      
  -22.22000      -176.3000       118.0000    
  P      
   7.380000       123.7800       575.0000    
  P      
  -24.36000       179.9000       507.0000    
  P      
   5.260000       123.3700       563.0000    
  P      
   48.84000       156.3100       11.00000    
  P      
  -23.09000       169.2100       9.000000    
  P      
   2.650000       126.4100       27.00000    
  P      
   8.160000       94.04000       19.00000    
  P      
  -18.93000       169.0100       137.0000    
  P      
   1.620000       97.90000       60.00000    
  P      
   7.970000       94.12000       11.00000    
  P      
  -7.390000       128.5600       138.0000    
  P      
   5.470000       94.39000       36.00000    
  P      
   40.73000       142.3800       68.00000    
  P      
  -22.89000       178.9300       592.0000    
  P      
   15.14000      -91.40000       197.0000    
  PKiKP  
   49.30000       154.3700       132.0000    
  P      
  -13.67000       167.2900       229.0000    
  P      
   8.370000       93.15000       34.00000    
  P      
   4.730000       95.20000       36.00000    
  P      
   24.41000       122.2000       50.00000    
  P      
   2.930000       95.56000       27.00000    
  P      
  -6.480000       105.1400       51.00000    
  P      
  -27.72000       73.82000       10.00000    
  P      
  -20.05000      -178.6800       625.0000    
  P      
  -20.07000      -178.7100       622.0000    
  P      
  -24.98000      -63.47000       579.0000    
  PP     
   5.350000       94.64000       35.00000    
  P      
   16.15000       119.7700       50.00000    
  P      
  -4.910000       129.9600       10.00000    
  P      
  -21.75000      -179.5000       572.0000    
  P      
   42.95000       145.4200       37.00000    
  P      
   11.62000       140.6900       50.00000    
  P      
  -55.47000      -1.570000       10.00000    
  P      
  -8.170000       124.9100       10.00000    
  P      
   34.12000       141.5400       27.00000    
  P      
  -5.560000       122.0900       10.00000    
  P      
  -18.48000      -178.0800       439.0000    
  P      
   2.640000       96.57000       30.00000    
  P      
